#name
B-AY-B-AA-B-IY-AH-P-AH-P-IY
#length
1815 
#wrapper
0 
#interpolation
linear
#F0_control
91 128.5 166 203.5 241 278.5 316 353.5 391 428.5 466 503.5 541 578.5 616 653.5 691 728.5 766 803.5 841 878.5 916 953.5 991 1028.5 1066 1103.5 1141 1178.5 1216 1253.5 1291 1328.5 1366 1403.5 1441 1478.5 1516 1553.5 1591 1628.5 1666 1703.5 1741 1778.5 
#F0_min
117.192983533333	119.125331100000	120.026637960000	120.722041640000	121.368049940000	123.078134680000	123.944645660000	125.253884080000	125.661233340000	124.944949800000	123.008343000000	120.911821240000	118.802279860000	118.993027040000	121.288614040000	122.761799940000	123.449371140000	123.680978540000	123.709359700000	121.192936200000	120.512811820000	120.587032700000	120.487724200000	120.300458580000	120.671692500000	122.076413360000	121.494917700000	123.213211000000	126.072546400000	129.888641680000	132.567115420000	138.092821160000	143.618526900000	148.193276700000	151.774274180000	157.245570780000	164.607166480000	170.606655660000	177.018769020000	169.378334840000	156.130815320000	140.202732560000	123.828354360000	107.435638680000	104.845638925000	105.188698133333
#F0_max
117.192983533333	119.125331100000	120.026637960000	120.722041640000	121.368049940000	123.078134680000	123.944645660000	125.253884080000	125.661233340000	124.944949800000	123.008343000000	120.911821240000	118.802279860000	118.993027040000	121.288614040000	122.761799940000	123.449371140000	123.680978540000	123.709359700000	121.192936200000	120.512811820000	120.587032700000	120.487724200000	120.300458580000	120.671692500000	122.076413360000	121.494917700000	123.213211000000	126.072546400000	129.888641680000	132.567115420000	138.092821160000	143.618526900000	148.193276700000	151.774274180000	157.245570780000	164.607166480000	170.606655660000	177.018769020000	169.378334840000	156.130815320000	140.202732560000	123.828354360000	107.435638680000	104.845638925000	105.188698133333
#F1_control
0 20 60 160 210 280 300 340 605 645 665 705 950 990 1180 1220 1240 1280 1470 1510 1530 1570 1815 
#F1_min
-50 -50 750 750 400 -50 -50 750 750 -50 -50 300 300 600 600 -50 -50 600 600 -50 -50 300 300 
#F1_max
0 0 800 800 450 0 0 800 800 0 0 350 350 650 650 0 0 650 650 0 0 350 350 
#F2_control
0 20 60 160 210 280 300 340 605 645 665 705 950 990 1180 1220 1240 1280 1470 1510 1530 1570 1815 
#F2_min
650 650 1300 1300 2000 650 650 1300 1300 650 650 2300 2300 1150 1150 650 650 1150 1150 650 650 2300 2300 
#F2_max
750 750 1400 1400 2100 750 750 1400 1400 750 750 2400 2400 1250 1250 750 750 1250 1250 750 750 2400 2400 
#F3_control
0 
#F3_min
65 
#F3_max
85 
#pressure_control
85 105 125 145 165 185 205 225 245 265 285 305 325 345 365 385 405 425 445 465 485 505 525 545 565 585 605 625 645 665 685 705 725 745 765 785 805 825 845 865 885 905 925 945 965 985 1005 1025 1045 1065 1085 1105 1125 1145 1165 1185 1205 1225 1245 1265 1285 1305 1325 1345 1365 1385 1405 1425 1445 1465 1485 1505 1525 1545 1565 1585 1605 1625 1645 1665 1685 1705 1725 1745 1765 1785 
#pressure_min
77.72 79.900 79.88 78.96000 78.34 78.17 77.5 76.07000 73.73 71.3 69.7 67.7400 65 65 65 65 65 65 65 65 65 76.31 79.39 80.600 82.7 84.78 85 82.7100 78.25 76.28 78.56 80.2600 80.55 81.05 81.67 81.41 81.46000 81.6500 81.28 80.6500 79.55 77.84 76.3500 75.75 75.07000 74.81 75.100 74.56 72.46000 65 65 65 65 65 65 65 65 65 65 67.82000 70.22 73.14 75.78 76.82000 75.68000 72.48 68.04000 65 65 65 65 65 65 65 71.39 74.09 75.39 75.46000 73.9900 72.28 72.79000 73.79000 73.5100 72.08 69.33 65 
#pressure_max
77.72 79.900 79.88 78.96000 78.34 78.17 77.5 76.07000 73.73 71.3 69.7 67.7400 65 65 65 65 65 65 65 65 65 76.31 79.39 80.600 82.7 84.78 85 82.7100 78.25 76.28 78.56 80.2600 80.55 81.05 81.67 81.41 81.46000 81.6500 81.28 80.6500 79.55 77.84 76.3500 75.75 75.07000 74.81 75.100 74.56 72.46000 65 65 65 65 65 65 65 65 65 65 67.82000 70.22 73.14 75.78 76.82000 75.68000 72.48 68.04000 65 65 65 65 65 65 65 71.39 74.09 75.39 75.46000 73.9900 72.28 72.79000 73.79000 73.5100 72.08 69.33 65 
#voicing_control
0 1180 1220 1240 1280 1470 1510 1530 1570 1815 
#voicing_min
0.75 0.75 0 0 0.75 0.75 0 0 0.75 0.75 
#voicing_max
1 1 0 0 1 1 0 0 1 1 
#PA_pharyngeal_control
0 20 60 240 280 300 340 605 645 665 705 950 990 1180 1220 1240 1280 1470 1510 1530 1570 1815 
#PA_pharyngeal_min
-1 -1 -1 -1 -1 -1 -1 -1 -1 -1 -1 -1 -1 -1 -1 -1 -1 -1 -1 -1 -1 -1 
#PA_pharyngeal_max
-0.25 -0.25 -0.35 -0.35 -0.25 -0.25 -0.3 -0.3 -0.25 -0.25 -0.25 -0.25 -0.35 -0.35 -0.25 -0.25 -0.35 -0.35 -0.25 -0.25 -0.25 -0.25 
#PA_uvular_control
0 20 60 240 280 300 340 605 645 665 705 950 990 1180 1220 1240 1280 1470 1510 1530 1570 1815 
#PA_uvular_min
-1 -1 -1 -1 -1 -1 -1 -1 -1 -1 -1 -1 -1 -1 -1 -1 -1 -1 -1 -1 -1 -1 
#PA_uvular_max
-0.25 -0.25 -0.35 -0.35 -0.25 -0.25 -0.3 -0.3 -0.25 -0.25 -0.25 -0.25 -0.35 -0.35 -0.25 -0.25 -0.35 -0.35 -0.25 -0.25 -0.25 -0.25 
#PA_velar_control
0 240 280 300 340 605 645 665 705 950 990 1180 1220 1240 1280 1470 1510 1530 1570 1815 
#PA_velar_min
-1 -1 -1 -1 -1 -1 -1 -1 -1 -1 -1 -1 -1 -1 -1 -1 -1 -1 -1 -1 
#PA_velar_max
-0.25 -0.25 -0.25 -0.25 -0.5 -0.5 -0.25 -0.25 -0.25 -0.25 -0.35 -0.35 -0.25 -0.25 -0.35 -0.35 -0.25 -0.25 -0.25 -0.25 
#PA_palatal_control
0 240 280 300 340 605 645 665 705 950 990 1180 1220 1240 1280 1470 1510 1530 1570 1815 
#PA_palatal_min
-1 -1 -1 -1 -1 -1 -1 -1 -1 -1 -1 -1 -1 -1 -1 -1 -1 -1 -1 -1 
#PA_palatal_max
-0.25 -0.25 -0.25 -0.25 -0.5 -0.5 -0.25 -0.25 -0.25 -0.25 -0.35 -0.35 -0.25 -0.25 -0.35 -0.35 -0.25 -0.25 -0.25 -0.25 
#PA_alveolardental_control
0 240 280 300 340 605 645 665 705 950 990 1180 1220 1240 1280 1470 1510 1530 1570 1815 
#PA_alveolardental_min
-1 -1 -1 -1 -1 -1 -1 -1 -1 -1 -1 -1 -0.75 -0.75 -1 -1 -0.75 -0.75 -1 -1 
#PA_alveolardental_max
-0.25 -0.25 -0.25 -0.25 -0.5 -0.5 -0.25 -0.25 -0.25 -0.25 -0.35 -0.35 -0.25 -0.25 -0.35 -0.35 -0.25 -0.25 -0.25 -0.25 
#PA_labial_control
0 20 60 240 280 300 340 605 645 665 705 950 990 1180 1220 1240 1280 1470 1510 1530 1570 1815 
#PA_labial_min
0.5 0.5 -1 -1 0.5 0.5 -1 -1 0.5 0.5 -1 -1 -1 -1 0.5 0.5 -1 -1 0.5 0.5 -1 -1 
#PA_labial_max
1 1 -0.25 -0.25 1 1 -0.5 -0.5 1 1 -0.25 -0.25 -0.35 -0.35 1 1 -0.35 -0.35 1 1 -0.25 -0.25 
