#name
B-AY-B-AA-B-IY-AH-P-AH-P-IY
#length
1815 
#wrapper
0 
#interpolation
linear
#F0_control
91 128.5 166 203.5 241 278.5 316 353.5 391 428.5 466 503.5 541 578.5 616 653.5 691 728.5 766 803.5 841 878.5 916 953.5 991 1028.5 1066 1103.5 1141 1178.5 1216 1253.5 1291 1328.5 1366 1403.5 1441 1478.5 1516 1553.5 1591 1628.5 1666 1703.5 1741 1778.5 
#F0_min
115.651528033333	115.609950475000	114.919750620000	114.331900100000	114.585547100000	114.379980740000	114.609956040000	115.656974260000	117.333287580000	118.546724140000	119.972431600000	121.684557120000	117.159778700000	121.235231260000	124.662240460000	127.607360860000	128.449353780000	134.797771220000	131.516411860000	127.800819920000	124.029761380000	124.574883760000	125.548225380000	128.205861560000	131.740912280000	134.893297460000	135.238486080000	135.402448040000	133.857241500000	132.896848940000	132.806389320000	132.851499400000	133.248278120000	134.333795800000	136.822940980000	139.796441020000	143.656961940000	157.166440160000	170.505195900000	180.856469280000	189.803278440000	198.274775820000	196.880183540000	194.772023620000	193.906822025000	193.654104166667
#F0_max
115.651528033333	115.609950475000	114.919750620000	114.331900100000	114.585547100000	114.379980740000	114.609956040000	115.656974260000	117.333287580000	118.546724140000	119.972431600000	121.684557120000	117.159778700000	121.235231260000	124.662240460000	127.607360860000	128.449353780000	134.797771220000	131.516411860000	127.800819920000	124.029761380000	124.574883760000	125.548225380000	128.205861560000	131.740912280000	134.893297460000	135.238486080000	135.402448040000	133.857241500000	132.896848940000	132.806389320000	132.851499400000	133.248278120000	134.333795800000	136.822940980000	139.796441020000	143.656961940000	157.166440160000	170.505195900000	180.856469280000	189.803278440000	198.274775820000	196.880183540000	194.772023620000	193.906822025000	193.654104166667
#F1_control
0 20 60 160 210 280 300 340 605 645 665 705 950 990 1180 1220 1240 1280 1470 1510 1530 1570 1815 
#F1_min
-50 -50 750 750 400 -50 -50 750 750 -50 -50 300 300 600 600 -50 -50 600 600 -50 -50 300 300 
#F1_max
0 0 800 800 450 0 0 800 800 0 0 350 350 650 650 0 0 650 650 0 0 350 350 
#F2_control
0 20 60 160 210 280 300 340 605 645 665 705 950 990 1180 1220 1240 1280 1470 1510 1530 1570 1815 
#F2_min
650 650 1300 1300 2000 650 650 1300 1300 650 650 2300 2300 1150 1150 650 650 1150 1150 650 650 2300 2300 
#F2_max
750 750 1400 1400 2100 750 750 1400 1400 750 750 2400 2400 1250 1250 750 750 1250 1250 750 750 2400 2400 
#F3_control
0 
#F3_min
65 
#F3_max
85 
#pressure_control
85 105 125 145 165 185 205 225 245 265 285 305 325 345 365 385 405 425 445 465 485 505 525 545 565 585 605 625 645 665 685 705 725 745 765 785 805 825 845 865 885 905 925 945 965 985 1005 1025 1045 1065 1085 1105 1125 1145 1165 1185 1205 1225 1245 1265 1285 1305 1325 1345 1365 1385 1405 1425 1445 1465 1485 1505 1525 1545 1565 1585 1605 1625 1645 1665 1685 1705 1725 1745 1765 1785 
#pressure_min
77.72 79.900 79.88 78.96000 78.34 78.17 77.5 76.07000 73.73 71.3 69.7 67.7400 65 65 65 65 65 65 65 65 65 76.31 79.39 80.600 82.7 84.78 85 82.7100 78.25 76.28 78.56 80.2600 80.55 81.05 81.67 81.41 81.46000 81.6500 81.28 80.6500 79.55 77.84 76.3500 75.75 75.07000 74.81 75.100 74.56 72.46000 65 65 65 65 65 65 65 65 65 65 67.82000 70.22 73.14 75.78 76.82000 75.68000 72.48 68.04000 65 65 65 65 65 65 65 71.39 74.09 75.39 75.46000 73.9900 72.28 72.79000 73.79000 73.5100 72.08 69.33 65 
#pressure_max
77.72 79.900 79.88 78.96000 78.34 78.17 77.5 76.07000 73.73 71.3 69.7 67.7400 65 65 65 65 65 65 65 65 65 76.31 79.39 80.600 82.7 84.78 85 82.7100 78.25 76.28 78.56 80.2600 80.55 81.05 81.67 81.41 81.46000 81.6500 81.28 80.6500 79.55 77.84 76.3500 75.75 75.07000 74.81 75.100 74.56 72.46000 65 65 65 65 65 65 65 65 65 65 67.82000 70.22 73.14 75.78 76.82000 75.68000 72.48 68.04000 65 65 65 65 65 65 65 71.39 74.09 75.39 75.46000 73.9900 72.28 72.79000 73.79000 73.5100 72.08 69.33 65 
#voicing_control
0 1180 1220 1240 1280 1470 1510 1530 1570 1815 
#voicing_min
0.75 0.75 0 0 0.75 0.75 0 0 0.75 0.75 
#voicing_max
1 1 0 0 1 1 0 0 1 1 
#PA_pharyngeal_control
0 20 60 240 280 300 340 605 645 665 705 950 990 1180 1220 1240 1280 1470 1510 1530 1570 1815 
#PA_pharyngeal_min
-1 -1 -1 -1 -1 -1 -1 -1 -1 -1 -1 -1 -1 -1 -1 -1 -1 -1 -1 -1 -1 -1 
#PA_pharyngeal_max
-0.25 -0.25 -0.35 -0.35 -0.25 -0.25 -0.3 -0.3 -0.25 -0.25 -0.25 -0.25 -0.35 -0.35 -0.25 -0.25 -0.35 -0.35 -0.25 -0.25 -0.25 -0.25 
#PA_uvular_control
0 20 60 240 280 300 340 605 645 665 705 950 990 1180 1220 1240 1280 1470 1510 1530 1570 1815 
#PA_uvular_min
-1 -1 -1 -1 -1 -1 -1 -1 -1 -1 -1 -1 -1 -1 -1 -1 -1 -1 -1 -1 -1 -1 
#PA_uvular_max
-0.25 -0.25 -0.35 -0.35 -0.25 -0.25 -0.3 -0.3 -0.25 -0.25 -0.25 -0.25 -0.35 -0.35 -0.25 -0.25 -0.35 -0.35 -0.25 -0.25 -0.25 -0.25 
#PA_velar_control
0 240 280 300 340 605 645 665 705 950 990 1180 1220 1240 1280 1470 1510 1530 1570 1815 
#PA_velar_min
-1 -1 -1 -1 -1 -1 -1 -1 -1 -1 -1 -1 -1 -1 -1 -1 -1 -1 -1 -1 
#PA_velar_max
-0.25 -0.25 -0.25 -0.25 -0.5 -0.5 -0.25 -0.25 -0.25 -0.25 -0.35 -0.35 -0.25 -0.25 -0.35 -0.35 -0.25 -0.25 -0.25 -0.25 
#PA_palatal_control
0 240 280 300 340 605 645 665 705 950 990 1180 1220 1240 1280 1470 1510 1530 1570 1815 
#PA_palatal_min
-1 -1 -1 -1 -1 -1 -1 -1 -1 -1 -1 -1 -1 -1 -1 -1 -1 -1 -1 -1 
#PA_palatal_max
-0.25 -0.25 -0.25 -0.25 -0.5 -0.5 -0.25 -0.25 -0.25 -0.25 -0.35 -0.35 -0.25 -0.25 -0.35 -0.35 -0.25 -0.25 -0.25 -0.25 
#PA_alveolardental_control
0 240 280 300 340 605 645 665 705 950 990 1180 1220 1240 1280 1470 1510 1530 1570 1815 
#PA_alveolardental_min
-1 -1 -1 -1 -1 -1 -1 -1 -1 -1 -1 -1 -0.75 -0.75 -1 -1 -0.75 -0.75 -1 -1 
#PA_alveolardental_max
-0.25 -0.25 -0.25 -0.25 -0.5 -0.5 -0.25 -0.25 -0.25 -0.25 -0.35 -0.35 -0.25 -0.25 -0.35 -0.35 -0.25 -0.25 -0.25 -0.25 
#PA_labial_control
0 20 60 240 280 300 340 605 645 665 705 950 990 1180 1220 1240 1280 1470 1510 1530 1570 1815 
#PA_labial_min
0.5 0.5 -1 -1 0.5 0.5 -1 -1 0.5 0.5 -1 -1 -1 -1 0.5 0.5 -1 -1 0.5 0.5 -1 -1 
#PA_labial_max
1 1 -0.25 -0.25 1 1 -0.5 -0.5 1 1 -0.25 -0.25 -0.35 -0.35 1 1 -0.35 -0.35 1 1 -0.25 -0.25 
